2000
L 2823 1001 -7997 -6885
L 20853 1000 -7998 -6886
L 9810 999 -7999 -6887
L -1050 998 -8000 -6888
L 22667 997 -8001 -6889
L 23701 996 -8002 -6890
L 11249 995 -8003 -6891
L -4336 994 -8004 -6892
L 1782 993 -8005 -6893
L -869 992 -8006 -6894
L 4 991 -8007 -6895
L 13156 990 -8008 -6896
L 24658 989 -8009 -6897
L 17534 988 -8010 -6898
L 22139 987 -8011 -6899
L 9888 986 -8012 -6900
L 7864 985 -8013 -6901
L 19454 984 -8014 -6902
L 21988 983 -8015 -6903
L 19374 982 -8016 -6904
L 5560 981 -8017 -6905
L 17276 980 -8018 -6906
L 11241 979 -8019 -6907
L 7452 978 -8020 -6908
L 2812 977 -8021 -6909
L -1520 976 -8022 -6910
L 19225 975 -8023 -6911
L -7220 974 -8024 -6912
L 551 973 -8025 -6913
L 2518 972 -8026 -6914
L 13803 971 -8027 -6915
L -6675 970 -8028 -6916
L 3 969 -8029 -6917
L 7816 968 -8030 -6918
L -1281 967 -8031 -6919
L 553 966 -8032 -6920
L 2268 965 -8033 -6921
L 2642 964 -8034 -6922
L 18088 963 -8035 -6923
L 2848 962 -8036 -6924
L 24103 961 -8037 -6925
L 7393 960 -8038 -6926
L 11688 959 -8039 -6927
L -2282 958 -8040 -6928
L 16232 957 -8041 -6929
L -3906 956 -8042 -6930
L 5434 955 -8043 -6931
L 14312 954 -8044 -6932
L 12882 953 -8045 -6933
L 8922 952 -8046 -6934
L 23638 951 -8047 -6935
L 20293 950 -8048 -6936
L 5679 949 -8049 -6937
L 10346 948 -8050 -6938
L 10800 947 -8051 -6939
L -3302 946 -8052 -6940
L 1666 945 -8053 -6941
L 14068 944 -8054 -6942
L 1538 943 -8055 -6943
L 22094 942 -8056 -6944
L 20715 941 -8057 -6945
L -3414 940 -8058 -6946
L 7179 939 -8059 -6947
L -5712 938 -8060 -6948
L 588 937 -8061 -6949
L 22264 936 -8062 -6950
L 21463 935 -8063 -6951
L 10542 934 -8064 -6952
L 20266 933 -8065 -6953
L 3417 932 -8066 -6954
L 7106 931 -8067 -6955
L 18759 930 -8068 -6956
L 23382 929 -8069 -6957
L 9838 928 -8070 -6958
L 3512 927 -8071 -6959
L 22723 926 -8072 -6960
L 9420 925 -8073 -6961
L -5807 924 -8074 -6962
L 20798 923 -8075 -6963
L 10913 922 -8076 -6964
L 5595 921 -8077 -6965
L 11559 920 -8078 -6966
L 24246 919 -8079 -6967
L 7249 918 -8080 -6968
L 646 917 -8081 -6969
L -3852 916 -8082 -6970
L 2014 915 -8083 -6971
L 3107 914 -8084 -6972
L 5419 913 -8085 -6973
L 9652 912 -8086 -6974
L -5733 911 -8087 -6975
L 5120 910 -8088 -6976
L -4510 909 -8089 -6977
L 24231 908 -8090 -6978
L 10997 907 -8091 -6979
L 23640 906 -8092 -6980
L -984 905 -8093 -6981
L 23532 904 -8094 -6982
L 11618 903 -8095 -6983
L 7003 902 -8096 -6984
L 19517 901 -8097 -6985
L 9041 900 -8098 -6986
L 4679 899 -8099 -6987
L 5228 898 -8100 -6988
L 24010 897 -8101 -6989
L 7018 896 -8102 -6990
L 14780 895 -8103 -6991
L 11218 894 -8104 -6992
L 13895 893 -8105 -6993
L 23776 892 -8106 -6994
L 7824 891 -8107 -6995
L -7503 890 -8108 -6996
L 15772 889 -8109 -6997
L 11788 888 -8110 -6998
L 13196 887 -8111 -6999
L 20281 886 -8112 -7000
L 9606 885 -8113 -7001
L 23748 884 -8114 -7002
L 9724 883 -8115 -7003
L -6882 882 -8116 -7004
L 24637 881 -8117 -7005
L -5515 880 -8118 -7006
L 10604 879 -8119 -7007
L 8776 878 -8120 -7008
L -5548 877 -8121 -7009
L 15986 876 -8122 -7010
L 12464 875 -8123 -7011
L -3125 874 -8124 -7012
L -5152 873 -8125 -7013
L 21132 872 -8126 -7014
L 14375 871 -8127 -7015
L -6375 870 -8128 -7016
L -2852 869 -8129 -7017
L 3555 868 -8130 -7018
L 1344 867 -8131 -7019
L -1161 866 -8132 -7020
L 22732 865 -8133 -7021
L 16892 864 -8134 -7022
L -196 863 -8135 -7023
L 10157 862 -8136 -7024
L -4703 861 -8137 -7025
L -493 860 -8138 -7026
L 1334 859 -8139 -7027
L -6142 858 -8140 -7028
L 12765 857 -8141 -7029
L 11442 856 -8142 -7030
L -6815 855 -8143 -7031
L -6041 854 -8144 -7032
L 7671 853 -8145 -7033
L 12162 852 -8146 -7034
L 22930 851 -8147 -7035
L 7923 850 -8148 -7036
L 9473 849 -8149 -7037
L -4766 848 -8150 -7038
L 11518 847 -8151 -7039
L -5489 846 -8152 -7040
L 10376 845 -8153 -7041
L 1718 844 -8154 -7042
L -4284 843 -8155 -7043
L 2547 842 -8156 -7044
L -7236 841 -8157 -7045
L 9217 840 -8158 -7046
L 22702 839 -8159 -7047
L -303 838 -8160 -7048
L 4560 837 -8161 -7049
L 4791 836 -8162 -7050
L 17331 835 -8163 -7051
L 12623 834 -8164 -7052
L 21412 833 -8165 -7053
L 9292 832 -8166 -7054
L 24513 831 -8167 -7055
L -6213 830 -8168 -7056
L 6306 829 -8169 -7057
L 913 828 -8170 -7058
L 314 827 -8171 -7059
L -6534 826 -8172 -7060
L 3814 825 -8173 -7061
L -3008 824 -8174 -7062
L 12989 823 -8175 -7063
L 19522 822 -8176 -7064
L 24225 821 -8177 -7065
L 12501 820 -8178 -7066
L -5210 819 -8179 -7067
L -374 818 -8180 -7068
L 13503 817 -8181 -7069
L 23200 816 -8182 -7070
L 4056 815 -8183 -7071
L 14910 814 -8184 -7072
L -7993 813 -8185 -7073
L 12313 812 -8186 -7074
L 7354 811 -8187 -7075
L 7350 810 -8188 -7076
L 2563 809 -8189 -7077
L -653 808 -8190 -7078
L 10111 807 -8191 -7079
L 14569 806 -8192 -7080
L 16354 805 -8193 -7081
L -1164 804 -8194 -7082
L 4267 803 -8195 -7083
L 3294 802 -8196 -7084
L -5734 801 -8197 -7085
L 4227 800 -8198 -7086
L 4306 799 -8199 -7087
L -5276 798 -8200 -7088
L 22801 797 -8201 -7089
L 10243 796 -8202 -7090
L 675 795 -8203 -7091
L 11779 794 -8204 -7092
L 1278 793 -8205 -7093
L 5087 792 -8206 -7094
L 3622 791 -8207 -7095
L 17202 790 -8208 -7096
L 11851 789 -8209 -7097
L 11366 788 -8210 -7098
L 6466 787 -8211 -7099
L -4918 786 -8212 -7100
L -2881 785 -8213 -7101
L 8794 784 -8214 -7102
L 8578 783 -8215 -7103
L 17083 782 -8216 -7104
L 7897 781 -8217 -7105
L 14147 780 -8218 -7106
L -7399 779 -8219 -7107
L 19966 778 -8220 -7108
L 6399 777 -8221 -7109
L 20489 776 -8222 -7110
L -3805 775 -8223 -7111
L 20427 774 -8224 -7112
L -4136 773 -8225 -7113
L 5570 772 -8226 -7114
L 9005 771 -8227 -7115
L 2315 770 -8228 -7116
L 18934 769 -8229 -7117
L 6345 768 -8230 -7118
L -1032 767 -8231 -7119
L 5648 766 -8232 -7120
L 9400 765 -8233 -7121
L 10768 764 -8234 -7122
L -4742 763 -8235 -7123
L 12932 762 -8236 -7124
L 22638 761 -8237 -7125
L 24247 760 -8238 -7126
L 7718 759 -8239 -7127
L -1633 758 -8240 -7128
L 10175 757 -8241 -7129
L -3619 756 -8242 -7130
L 4973 755 -8243 -7131
L -2403 754 -8244 -7132
L 24136 753 -8245 -7133
L -1866 752 -8246 -7134
L -6779 751 -8247 -7135
L 6512 750 -8248 -7136
L 17030 749 -8249 -7137
L 7389 748 -8250 -7138
L -8087 747 -8251 -7139
L -7246 746 -8252 -7140
L 24310 745 -8253 -7141
L 20716 744 -8254 -7142
L 13857 743 -8255 -7143
L -7715 742 -8256 -7144
L -6534 741 -8257 -7145
L 13131 740 -8258 -7146
L 9795 739 -8259 -7147
L 17598 738 -8260 -7148
L 14335 737 -8261 -7149
L 4933 736 -8262 -7150
L 16058 735 -8263 -7151
L 12071 734 -8264 -7152
L 17757 733 -8265 -7153
L 19553 732 -8266 -7154
L 6598 731 -8267 -7155
L 3045 730 -8268 -7156
L -7810 729 -8269 -7157
L -5137 728 -8270 -7158
L 15684 727 -8271 -7159
L -15 726 -8272 -7160
L 14787 725 -8273 -7161
L 21729 724 -8274 -7162
L -208 723 -8275 -7163
L 19691 722 -8276 -7164
L -349 721 -8277 -7165
L 21980 720 -8278 -7166
L 4968 719 -8279 -7167
L 14275 718 -8280 -7168
L -106 717 -8281 -7169
L -6769 716 -8282 -7170
L 9906 715 -8283 -7171
L 18362 714 -8284 -7172
L 15921 713 -8285 -7173
L -1724 712 -8286 -7174
L 11009 711 -8287 -7175
L -3703 710 -8288 -7176
L 15506 709 -8289 -7177
L 10676 708 -8290 -7178
L 14580 707 -8291 -7179
L 735 706 -8292 -7180
L 2814 705 -8293 -7181
L 6688 704 -8294 -7182
L 10912 703 -8295 -7183
L -7663 702 -8296 -7184
L 22729 701 -8297 -7185
L 21917 700 -8298 -7186
L 21391 699 -8299 -7187
L -2547 698 -8300 -7188
L 3190 697 -8301 -7189
L 5808 696 -8302 -7190
L -1528 695 -8303 -7191
L 19089 694 -8304 -7192
L 10016 693 -8305 -7193
L 11546 692 -8306 -7194
L -2671 691 -8307 -7195
L 17562 690 -8308 -7196
L -2279 689 -8309 -7197
L -2571 688 -8310 -7198
L 5811 687 -8311 -7199
L -1250 686 -8312 -7200
L 24016 685 -8313 -7201
L 6656 684 -8314 -7202
L 15357 683 -8315 -7203
L 2045 682 -8316 -7204
L 11512 681 -8317 -7205
L 1592 680 -8318 -7206
L 14412 679 -8319 -7207
L -6858 678 -8320 -7208
L 24294 677 -8321 -7209
L 21160 676 -8322 -7210
L -4535 675 -8323 -7211
L 10838 674 -8324 -7212
L 11835 673 -8325 -7213
L 2945 672 -8326 -7214
L 17714 671 -8327 -7215
L 15927 670 -8328 -7216
L 20676 669 -8329 -7217
L 4205 668 -8330 -7218
L 23262 667 -8331 -7219
L 20710 666 -8332 -7220
L 22942 665 -8333 -7221
L -479 664 -8334 -7222
L 5883 663 -8335 -7223
L 12773 662 -8336 -7224
L 1694 661 -8337 -7225
L 22065 660 -8338 -7226
L 923 659 -8339 -7227
L 22163 658 -8340 -7228
L -785 657 -8341 -7229
L 22825 656 -8342 -7230
L 3823 655 -8343 -7231
L 9448 654 -8344 -7232
L 14589 653 -8345 -7233
L 18137 652 -8346 -7234
L 6737 651 -8347 -7235
L 22117 650 -8348 -7236
L 13714 649 -8349 -7237
L -1808 648 -8350 -7238
L -1400 647 -8351 -7239
L 1867 646 -8352 -7240
L 3647 645 -8353 -7241
L 3021 644 -8354 -7242
L 19784 643 -8355 -7243
L 17932 642 -8356 -7244
L 8446 641 -8357 -7245
L 2449 640 -8358 -7246
L 18425 639 -8359 -7247
L 14079 638 -8360 -7248
L -3307 637 -8361 -7249
L 19321 636 -8362 -7250
L -7239 635 -8363 -7251
L 8279 634 -8364 -7252
L 23870 633 -8365 -7253
L 1387 632 -8366 -7254
L 2724 631 -8367 -7255
L -3498 630 -8368 -7256
L 17156 629 -8369 -7257
L 12238 628 -8370 -7258
L 10835 627 -8371 -7259
L 8126 626 -8372 -7260
L 22896 625 -8373 -7261
L 17311 624 -8374 -7262
L 20386 623 -8375 -7263
L 23177 622 -8376 -7264
L 16613 621 -8377 -7265
L -831 620 -8378 -7266
L 12215 619 -8379 -7267
L 2265 618 -8380 -7268
L -2487 617 -8381 -7269
L 5781 616 -8382 -7270
L 16960 615 -8383 -7271
L 1586 614 -8384 -7272
L -8347 613 -8385 -7273
L 14027 612 -8386 -7274
L 20731 611 -8387 -7275
L 1255 610 -8388 -7276
L -2417 609 -8389 -7277
L -1416 608 -8390 -7278
L 8316 607 -8391 -7279
L 9170 606 -8392 -7280
L 22918 605 -8393 -7281
L 22888 604 -8394 -7282
L 5675 603 -8395 -7283
L 3144 602 -8396 -7284
L 16285 601 -8397 -7285
L 21429 600 -8398 -7286
L -116 599 -8399 -7287
L 11340 598 -8400 -7288
L 6940 597 -8401 -7289
L 7576 596 -8402 -7290
L 24259 595 -8403 -7291
L -7933 594 -8404 -7292
L -5661 593 -8405 -7293
L 15744 592 -8406 -7294
L -8105 591 -8407 -7295
L 9577 590 -8408 -7296
L -1712 589 -8409 -7297
L 20577 588 -8410 -7298
L 24118 587 -8411 -7299
L 6465 586 -8412 -7300
L 8547 585 -8413 -7301
L -6065 584 -8414 -7302
L 5113 583 -8415 -7303
L -2990 582 -8416 -7304
L 15136 581 -8417 -7305
L 14667 580 -8418 -7306
L -6038 579 -8419 -7307
L 14800 578 -8420 -7308
L 22069 577 -8421 -7309
L 2141 576 -8422 -7310
L -4029 575 -8423 -7311
L 16409 574 -8424 -7312
L -3619 573 -8425 -7313
L 4323 572 -8426 -7314
L 3641 571 -8427 -7315
L -8030 570 -8428 -7316
L 15620 569 -8429 -7317
L 21544 568 -8430 -7318
L 21561 567 -8431 -7319
L -7120 566 -8432 -7320
L 8620 565 -8433 -7321
L 1848 564 -8434 -7322
L 2546 563 -8435 -7323
L -181 562 -8436 -7324
L 8079 561 -8437 -7325
L 4851 560 -8438 -7326
L -877 559 -8439 -7327
L -3345 558 -8440 -7328
L 14854 557 -8441 -7329
L 23137 556 -8442 -7330
L -1066 555 -8443 -7331
L 9606 554 -8444 -7332
L -727 553 -8445 -7333
L 15173 552 -8446 -7334
L 10301 551 -8447 -7335
L 18451 550 -8448 -7336
L 24120 549 -8449 -7337
L -779 548 -8450 -7338
L -2405 547 -8451 -7339
L 23472 546 -8452 -7340
L -1222 545 -8453 -7341
L 8552 544 -8454 -7342
L 3287 543 -8455 -7343
L 11066 542 -8456 -7344
L -541 541 -8457 -7345
L 19601 540 -8458 -7346
L 23533 539 -8459 -7347
L 3403 538 -8460 -7348
L 9659 537 -8461 -7349
L 13803 536 -8462 -7350
L 6965 535 -8463 -7351
L 616 534 -8464 -7352
L 15741 533 -8465 -7353
L 22614 532 -8466 -7354
L 2280 531 -8467 -7355
L 892 530 -8468 -7356
L -67 529 -8469 -7357
L 21537 528 -8470 -7358
L 5088 527 -8471 -7359
L 5253 526 -8472 -7360
L 11982 525 -8473 -7361
L 14184 524 -8474 -7362
L 21151 523 -8475 -7363
L -4210 522 -8476 -7364
L -7197 521 -8477 -7365
L 8352 520 -8478 -7366
L -5229 519 -8479 -7367
L 23517 518 -8480 -7368
L 22900 517 -8481 -7369
L -4240 516 -8482 -7370
L 21145 515 -8483 -7371
L 1389 514 -8484 -7372
L 13540 513 -8485 -7373
L -2110 512 -8486 -7374
L -65 511 -8487 -7375
L -5985 510 -8488 -7376
L 4960 509 -8489 -7377
L -5349 508 -8490 -7378
L 846 507 -8491 -7379
L 9772 506 -8492 -7380
L 24074 505 -8493 -7381
L -5081 504 -8494 -7382
L 6920 503 -8495 -7383
L 21342 502 -8496 -7384
L 10583 501 -8497 -7385
L 153 500 -8498 -7386
L 11438 499 -8499 -7387
L 6784 498 -8500 -7388
L 9141 497 -8501 -7389
L 21810 496 -8502 -7390
L 18885 495 -8503 -7391
L 16275 494 -8504 -7392
L 22386 493 -8505 -7393
L 2078 492 -8506 -7394
L 8346 491 -8507 -7395
L 23874 490 -8508 -7396
L 17369 489 -8509 -7397
L -4729 488 -8510 -7398
L -380 487 -8511 -7399
L -4584 486 -8512 -7400
L 4510 485 -8513 -7401
L 613 484 -8514 -7402
L 18281 483 -8515 -7403
L -2575 482 -8516 -7404
L -6532 481 -8517 -7405
L 403 480 -8518 -7406
L 1667 479 -8519 -7407
L -8274 478 -8520 -7408
L 7196 477 -8521 -7409
L 20264 476 -8522 -7410
L -924 475 -8523 -7411
L -7379 474 -8524 -7412
L 24121 473 -8525 -7413
L 11780 472 -8526 -7414
L 20024 471 -8527 -7415
L 1913 470 -8528 -7416
L -3070 469 -8529 -7417
L -3159 468 -8530 -7418
L 14923 467 -8531 -7419
L 5437 466 -8532 -7420
L 14527 465 -8533 -7421
L 11853 464 -8534 -7422
L -2613 463 -8535 -7423
L 3455 462 -8536 -7424
L 1976 461 -8537 -7425
L -3795 460 -8538 -7426
L 6094 459 -8539 -7427
L -1910 458 -8540 -7428
L 8018 457 -8541 -7429
L 15139 456 -8542 -7430
L 13718 455 -8543 -7431
L 8492 454 -8544 -7432
L 16252 453 -8545 -7433
L 11131 452 -8546 -7434
L 5140 451 -8547 -7435
L 4130 450 -8548 -7436
L 1865 449 -8549 -7437
L -1789 448 -8550 -7438
L 4780 447 -8551 -7439
L 23505 446 -8552 -7440
L 21982 445 -8553 -7441
L -8351 444 -8554 -7442
L 13112 443 -8555 -7443
L 8247 442 -8556 -7444
L 12943 441 -8557 -7445
L -2391 440 -8558 -7446
L -7345 439 -8559 -7447
L 13088 438 -8560 -7448
L 69 437 -8561 -7449
L 10543 436 -8562 -7450
L -5433 435 -8563 -7451
L -5987 434 -8564 -7452
L 35 433 -8565 -7453
L 15258 432 -8566 -7454
L 9080 431 -8567 -7455
L -1102 430 -8568 -7456
L -6295 429 -8569 -7457
L 6970 428 -8570 -7458
L 24131 427 -8571 -7459
L -4273 426 -8572 -7460
L 3224 425 -8573 -7461
L -6500 424 -8574 -7462
L 6484 423 -8575 -7463
L -1151 422 -8576 -7464
L -4137 421 -8577 -7465
L -7077 420 -8578 -7466
L -5213 419 -8579 -7467
L 23274 418 -8580 -7468
L 8853 417 -8581 -7469
L 23608 416 -8582 -7470
L 18881 415 -8583 -7471
L 3183 414 -8584 -7472
L 21104 413 -8585 -7473
L 1645 412 -8586 -7474
L 2001 411 -8587 -7475
L 23856 410 -8588 -7476
L -1195 409 -8589 -7477
L 1343 408 -8590 -7478
L 15572 407 -8591 -7479
L 20157 406 -8592 -7480
L 1257 405 -8593 -7481
L 7379 404 -8594 -7482
L -5333 403 -8595 -7483
L 11655 402 -8596 -7484
L 20264 401 -8597 -7485
L 7490 400 -8598 -7486
L 4694 399 -8599 -7487
L -5228 398 -8600 -7488
L -3508 397 -8601 -7489
L 13039 396 -8602 -7490
L 3586 395 -8603 -7491
L 4983 394 -8604 -7492
L 13809 393 -8605 -7493
L 4377 392 -8606 -7494
L -6589 391 -8607 -7495
L -6272 390 -8608 -7496
L 886 389 -8609 -7497
L 10924 388 -8610 -7498
L -2786 387 -8611 -7499
L 304 386 -8612 -7500
L 22438 385 -8613 -7501
L -4771 384 -8614 -7502
L 1354 383 -8615 -7503
L 1263 382 -8616 -7504
L -2152 381 -8617 -7505
L 13045 380 -8618 -7506
L 20023 379 -8619 -7507
L 15873 378 -8620 -7508
L -4909 377 -8621 -7509
L 23789 376 -8622 -7510
L -3760 375 -8623 -7511
L 14007 374 -8624 -7512
L 3254 373 -8625 -7513
L 20028 372 -8626 -7514
L 23678 371 -8627 -7515
L 8418 370 -8628 -7516
L 3864 369 -8629 -7517
L 14189 368 -8630 -7518
L 13805 367 -8631 -7519
L 8845 366 -8632 -7520
L -2005 365 -8633 -7521
L -5900 364 -8634 -7522
L 13586 363 -8635 -7523
L 23276 362 -8636 -7524
L 22950 361 -8637 -7525
L 8130 360 -8638 -7526
L 3309 359 -8639 -7527
L 13199 358 -8640 -7528
L 12067 357 -8641 -7529
L 23 356 -8642 -7530
L 19339 355 -8643 -7531
L 20955 354 -8644 -7532
L 22981 353 -8645 -7533
L 12952 352 -8646 -7534
L 21200 351 -8647 -7535
L 15547 350 -8648 -7536
L -225 349 -8649 -7537
L 22433 348 -8650 -7538
L 20083 347 -8651 -7539
L 2707 346 -8652 -7540
L 20305 345 -8653 -7541
L 17628 344 -8654 -7542
L 19274 343 -8655 -7543
L 11126 342 -8656 -7544
L -2444 341 -8657 -7545
L 16659 340 -8658 -7546
L 21448 339 -8659 -7547
L 9112 338 -8660 -7548
L 15673 337 -8661 -7549
L 12866 336 -8662 -7550
L 13764 335 -8663 -7551
L 18950 334 -8664 -7552
L 7372 333 -8665 -7553
L -3599 332 -8666 -7554
L 21883 331 -8667 -7555
L -8300 330 -8668 -7556
L 18943 329 -8669 -7557
L 15296 328 -8670 -7558
L 12761 327 -8671 -7559
L 4631 326 -8672 -7560
L -1116 325 -8673 -7561
L -5564 324 -8674 -7562
L -524 323 -8675 -7563
L 16341 322 -8676 -7564
L -4038 321 -8677 -7565
L -2543 320 -8678 -7566
L -3110 319 -8679 -7567
L 3898 318 -8680 -7568
L -2355 317 -8681 -7569
L -5352 316 -8682 -7570
L 17548 315 -8683 -7571
L 11981 314 -8684 -7572
L -233 313 -8685 -7573
L 18484 312 -8686 -7574
L 18762 311 -8687 -7575
L 20834 310 -8688 -7576
L -2837 309 -8689 -7577
L -769 308 -8690 -7578
L 23057 307 -8691 -7579
L 14992 306 -8692 -7580
L -5420 305 -8693 -7581
L -1558 304 -8694 -7582
L -4765 303 -8695 -7583
L -4251 302 -8696 -7584
L 22521 301 -8697 -7585
L 1677 300 -8698 -7586
L -6842 299 -8699 -7587
L -8359 298 -8700 -7588
L -4797 297 -8701 -7589
L 21051 296 -8702 -7590
L 11663 295 -8703 -7591
L 6529 294 -8704 -7592
L 17858 293 -8705 -7593
L -3366 292 -8706 -7594
L 3936 291 -8707 -7595
L -7675 290 -8708 -7596
L -2483 289 -8709 -7597
L 17905 288 -8710 -7598
L 24048 287 -8711 -7599
L 15316 286 -8712 -7600
L 16489 285 -8713 -7601
L -6141 284 -8714 -7602
L -8054 283 -8715 -7603
L 14998 282 -8716 -7604
L -5011 281 -8717 -7605
L 13852 280 -8718 -7606
L 7641 279 -8719 -7607
L 12515 278 -8720 -7608
L 3811 277 -8721 -7609
L 3497 276 -8722 -7610
L -5022 275 -8723 -7611
L 3762 274 -8724 -7612
L 15664 273 -8725 -7613
L 16012 272 -8726 -7614
L -5038 271 -8727 -7615
L 1044 270 -8728 -7616
L -2696 269 -8729 -7617
L -7312 268 -8730 -7618
L 20090 267 -8731 -7619
L 15394 266 -8732 -7620
L 15804 265 -8733 -7621
L 5210 264 -8734 -7622
L 3224 263 -8735 -7623
L 17459 262 -8736 -7624
L 15941 261 -8737 -7625
L 10113 260 -8738 -7626
L -2344 259 -8739 -7627
L -3245 258 -8740 -7628
L 23366 257 -8741 -7629
L -2976 256 -8742 -7630
L 15002 255 -8743 -7631
L -6671 254 -8744 -7632
L 4541 253 -8745 -7633
L 19721 252 -8746 -7634
L 18038 251 -8747 -7635
L -7720 250 -8748 -7636
L 7066 249 -8749 -7637
L 8636 248 -8750 -7638
L 12157 247 -8751 -7639
L 13921 246 -8752 -7640
L 7971 245 -8753 -7641
L 696 244 -8754 -7642
L -1086 243 -8755 -7643
L -4890 242 -8756 -7644
L -4713 241 -8757 -7645
L -2991 240 -8758 -7646
L -2534 239 -8759 -7647
L 23929 238 -8760 -7648
L 5393 237 -8761 -7649
L 18755 236 -8762 -7650
L -4321 235 -8763 -7651
L -1066 234 -8764 -7652
L 18864 233 -8765 -7653
L -2234 232 -8766 -7654
L 3963 231 -8767 -7655
L -3945 230 -8768 -7656
L -5643 229 -8769 -7657
L 6627 228 -8770 -7658
L 8035 227 -8771 -7659
L 21159 226 -8772 -7660
L 8812 225 -8773 -7661
L 6021 224 -8774 -7662
L -6303 223 -8775 -7663
L 5369 222 -8776 -7664
L -2929 221 -8777 -7665
L 7379 220 -8778 -7666
L 3671 219 -8779 -7667
L -902 218 -8780 -7668
L 9447 217 -8781 -7669
L -7619 216 -8782 -7670
L 6337 215 -8783 -7671
L 12868 214 -8784 -7672
L 21620 213 -8785 -7673
L -4139 212 -8786 -7674
L -4806 211 -8787 -7675
L 17940 210 -8788 -7676
L 18767 209 -8789 -7677
L 21345 208 -8790 -7678
L 578 207 -8791 -7679
L 13566 206 -8792 -7680
L 10894 205 -8793 -7681
L -850 204 -8794 -7682
L 6462 203 -8795 -7683
L 18527 202 -8796 -7684
L 13160 201 -8797 -7685
L 13351 200 -8798 -7686
L 10944 199 -8799 -7687
L -7916 198 -8800 -7688
L 8602 197 -8801 -7689
L -8283 196 -8802 -7690
L -6135 195 -8803 -7691
L 745 194 -8804 -7692
L -7416 193 -8805 -7693
L 2441 192 -8806 -7694
L -2612 191 -8807 -7695
L 13396 190 -8808 -7696
L 18088 189 -8809 -7697
L -8695 188 -8810 -7698
L 17461 187 -8811 -7699
L 1636 186 -8812 -7700
L 13468 185 -8813 -7701
L 4807 184 -8814 -7702
L 10282 183 -8815 -7703
L 22772 182 -8816 -7704
L 12702 181 -8817 -7705
L -4952 180 -8818 -7706
L 6609 179 -8819 -7707
L 12068 178 -8820 -7708
L 12705 177 -8821 -7709
L 22499 176 -8822 -7710
L 15442 175 -8823 -7711
L 10250 174 -8824 -7712
L -587 173 -8825 -7713
L 18008 172 -8826 -7714
L 4830 171 -8827 -7715
L -4188 170 -8828 -7716
L 12588 169 -8829 -7717
L 18468 168 -8830 -7718
L 1776 167 -8831 -7719
L 15377 166 -8832 -7720
L 4603 165 -8833 -7721
L 4722 164 -8834 -7722
L 9170 163 -8835 -7723
L 11009 162 -8836 -7724
L 18531 161 -8837 -7725
L -5997 160 -8838 -7726
L 11108 159 -8839 -7727
L 4971 158 -8840 -7728
L 14800 157 -8841 -7729
L 6994 156 -8842 -7730
L -6119 155 -8843 -7731
L 8062 154 -8844 -7732
L 2817 153 -8845 -7733
L 4737 152 -8846 -7734
L -8126 151 -8847 -7735
L 17113 150 -8848 -7736
L 3433 149 -8849 -7737
L 5336 148 -8850 -7738
L 20111 147 -8851 -7739
L -7938 146 -8852 -7740
L 7125 145 -8853 -7741
L 16896 144 -8854 -7742
L 978 143 -8855 -7743
L 14340 142 -8856 -7744
L 10832 141 -8857 -7745
L -3350 140 -8858 -7746
L 5639 139 -8859 -7747
L -7283 138 -8860 -7748
L 3395 137 -8861 -7749
L -2971 136 -8862 -7750
L 146 135 -8863 -7751
L 3064 134 -8864 -7752
L 15329 133 -8865 -7753
L 20464 132 -8866 -7754
L 6599 131 -8867 -7755
L 5592 130 -8868 -7756
L 4546 129 -8869 -7757
L 5836 128 -8870 -7758
L 431 127 -8871 -7759
L -6748 126 -8872 -7760
L 21454 125 -8873 -7761
L -7338 124 -8874 -7762
L -4599 123 -8875 -7763
L 2992 122 -8876 -7764
L -931 121 -8877 -7765
L 1172 120 -8878 -7766
L -2160 119 -8879 -7767
L -5029 118 -8880 -7768
L 4765 117 -8881 -7769
L 2062 116 -8882 -7770
L 19580 115 -8883 -7771
L 14474 114 -8884 -7772
L 4403 113 -8885 -7773
L 5599 112 -8886 -7774
L -5045 111 -8887 -7775
L 19030 110 -8888 -7776
L 8229 109 -8889 -7777
L 21259 108 -8890 -7778
L 20673 107 -8891 -7779
L 14850 106 -8892 -7780
L 9719 105 -8893 -7781
L 15891 104 -8894 -7782
L 10286 103 -8895 -7783
L 16176 102 -8896 -7784
L -3052 101 -8897 -7785
L 14791 100 -8898 -7786
L 1263 99 -8899 -7787
L 12884 98 -8900 -7788
L 4720 97 -8901 -7789
L 14940 96 -8902 -7790
L 9783 95 -8903 -7791
L 17000 94 -8904 -7792
L -4500 93 -8905 -7793
L 18622 92 -8906 -7794
L 15888 91 -8907 -7795
L 13026 90 -8908 -7796
L -3846 89 -8909 -7797
L 20519 88 -8910 -7798
L 22684 87 -8911 -7799
L 13795 86 -8912 -7800
L 16385 85 -8913 -7801
L -5647 84 -8914 -7802
L 18593 83 -8915 -7803
L 14001 82 -8916 -7804
L 12035 81 -8917 -7805
L 7081 80 -8918 -7806
L 15684 79 -8919 -7807
L 10343 78 -8920 -7808
L 8957 77 -8921 -7809
L 15204 76 -8922 -7810
L -6891 75 -8923 -7811
L 11499 74 -8924 -7812
L -4722 73 -8925 -7813
L -4522 72 -8926 -7814
L 16972 71 -8927 -7815
L 10273 70 -8928 -7816
L -7332 69 -8929 -7817
L -2656 68 -8930 -7818
L 5202 67 -8931 -7819
L 4958 66 -8932 -7820
L 12724 65 -8933 -7821
L 15722 64 -8934 -7822
L -1404 63 -8935 -7823
L 9504 62 -8936 -7824
L 14192 61 -8937 -7825
L -7630 60 -8938 -7826
L 13363 59 -8939 -7827
L 8444 58 -8940 -7828
L -6882 57 -8941 -7829
L 8291 56 -8942 -7830
L 8687 55 -8943 -7831
L -7209 54 -8944 -7832
L -6050 53 -8945 -7833
L -7638 52 -8946 -7834
L -5115 51 -8947 -7835
L 89 50 -8948 -7836
L 9868 49 -8949 -7837
L -8315 48 -8950 -7838
L -3514 47 -8951 -7839
L -97 46 -8952 -7840
L 19103 45 -8953 -7841
L 1181 44 -8954 -7842
L -5878 43 -8955 -7843
L 6704 42 -8956 -7844
L -5551 41 -8957 -7845
L 4693 40 -8958 -7846
L 18293 39 -8959 -7847
L -717 38 -8960 -7848
L 1665 37 -8961 -7849
L 11555 36 -8962 -7850
L -5383 35 -8963 -7851
L -4129 34 -8964 -7852
L -5419 33 -8965 -7853
L 19999 32 -8966 -7854
L 5148 31 -8967 -7855
L -4814 30 -8968 -7856
L 12451 29 -8969 -7857
L 19033 28 -8970 -7858
L 8316 27 -8971 -7859
L 1510 26 -8972 -7860
L -5870 25 -8973 -7861
L -7056 24 -8974 -7862
L 9744 23 -8975 -7863
L 7841 22 -8976 -7864
L 12924 21 -8977 -7865
L 7264 20 -8978 -7866
L 21424 19 -8979 -7867
L -8596 18 -8980 -7868
L 15639 17 -8981 -7869
L 12700 16 -8982 -7870
L 15064 15 -8983 -7871
L -7834 14 -8984 -7872
L 725 13 -8985 -7873
L 2909 12 -8986 -7874
L -6487 11 -8987 -7875
L 953 10 -8988 -7876
L 13960 9 -8989 -7877
L -1223 8 -8990 -7878
L -7120 7 -8991 -7879
L 22734 6 -8992 -7880
L 11850 5 -8993 -7881
L 3575 4 -8994 -7882
L 8171 3 -8995 -7883
L 8893 2 -8996 -7884
L 19740 1 -8997 -7885
L -8542 0 -8998 -7886
L 15497 -1 -8999 -7887
L -8696 -2 -9000 -7888
L 12237 -3 -9001 -7889
L 8156 -4 -9002 -7890
L 18162 -5 -9003 -7891
L 13704 -6 -9004 -7892
L 8478 -7 -9005 -7893
L 20341 -8 -9006 -7894
L -5241 -9 -9007 -7895
L -3417 -10 -9008 -7896
L 6435 -11 -9009 -7897
L 18492 -12 -9010 -7898
L 4267 -13 -9011 -7899
L 15824 -14 -9012 -7900
L 19436 -15 -9013 -7901
L 9749 -16 -9014 -7902
L -1406 -17 -9015 -7903
L 17188 -18 -9016 -7904
L 2917 -19 -9017 -7905
L 12364 -20 -9018 -7906
L 23544 -21 -9019 -7907
L 3951 -22 -9020 -7908
L 123 -23 -9021 -7909
L 15913 -24 -9022 -7910
L -1786 -25 -9023 -7911
L 14682 -26 -9024 -7912
L -128 -27 -9025 -7913
L 18885 -28 -9026 -7914
L 15921 -29 -9027 -7915
L 10978 -30 -9028 -7916
L -1071 -31 -9029 -7917
L 9499 -32 -9030 -7918
L -3757 -33 -9031 -7919
L 7944 -34 -9032 -7920
L -8522 -35 -9033 -7921
L 1378 -36 -9034 -7922
L -8291 -37 -9035 -7923
L 10186 -38 -9036 -7924
L 17801 -39 -9037 -7925
L 22683 -40 -9038 -7926
L 11485 -41 -9039 -7927
L 20563 -42 -9040 -7928
L -5349 -43 -9041 -7929
L 6502 -44 -9042 -7930
L 10237 -45 -9043 -7931
L 12143 -46 -9044 -7932
L 16467 -47 -9045 -7933
L 5401 -48 -9046 -7934
L 18636 -49 -9047 -7935
L -447 -50 -9048 -7936
L -2024 -51 -9049 -7937
L 22547 -52 -9050 -7938
L 15106 -53 -9051 -7939
L 1848 -54 -9052 -7940
L 2673 -55 -9053 -7941
L 13390 -56 -9054 -7942
L 6782 -57 -9055 -7943
L 319 -58 -9056 -7944
L -3349 -59 -9057 -7945
L 5684 -60 -9058 -7946
L 17617 -61 -9059 -7947
L 11060 -62 -9060 -7948
L 11836 -63 -9061 -7949
L 7092 -64 -9062 -7950
L -7168 -65 -9063 -7951
L 15260 -66 -9064 -7952
L 15141 -67 -9065 -7953
L 8596 -68 -9066 -7954
L 5766 -69 -9067 -7955
L -1899 -70 -9068 -7956
L 8861 -71 -9069 -7957
L 15113 -72 -9070 -7958
L 22681 -73 -9071 -7959
L 3083 -74 -9072 -7960
L 19243 -75 -9073 -7961
L 18309 -76 -9074 -7962
L 4782 -77 -9075 -7963
L -6097 -78 -9076 -7964
L 7060 -79 -9077 -7965
L 6864 -80 -9078 -7966
L -3777 -81 -9079 -7967
L 20517 -82 -9080 -7968
L 12470 -83 -9081 -7969
L -5286 -84 -9082 -7970
L -5684 -85 -9083 -7971
L 22781 -86 -9084 -7972
L 10932 -87 -9085 -7973
L -1328 -88 -9086 -7974
L 4384 -89 -9087 -7975
L -2331 -90 -9088 -7976
L 21843 -91 -9089 -7977
L 11501 -92 -9090 -7978
L 9941 -93 -9091 -7979
L -5475 -94 -9092 -7980
L 12196 -95 -9093 -7981
L 147 -96 -9094 -7982
L -1510 -97 -9095 -7983
L 9003 -98 -9096 -7984
L 5860 -99 -9097 -7985
L 7962 -100 -9098 -7986
L 2996 -101 -9099 -7987
L -6193 -102 -9100 -7988
L 6304 -103 -9101 -7989
L -2584 -104 -9102 -7990
L 4419 -105 -9103 -7991
L -8647 -106 -9104 -7992
L 12316 -107 -9105 -7993
L 3649 -108 -9106 -7994
L 15815 -109 -9107 -7995
L 16634 -110 -9108 -7996
L -3338 -111 -9109 -7997
L 5985 -112 -9110 -7998
L -3230 -113 -9111 -7999
L 23097 -114 -9112 -8000
L -3833 -115 -9113 -8001
L 22216 -116 -9114 -8002
L 16992 -117 -9115 -8003
L 5799 -118 -9116 -8004
L 19338 -119 -9117 -8005
L -3370 -120 -9118 -8006
L 22900 -121 -9119 -8007
L 17589 -122 -9120 -8008
L 18304 -123 -9121 -8009
L 19351 -124 -9122 -8010
L 19268 -125 -9123 -8011
L 21508 -126 -9124 -8012
L -8365 -127 -9125 -8013
L 21984 -128 -9126 -8014
L 19752 -129 -9127 -8015
L 10524 -130 -9128 -8016
L 6073 -131 -9129 -8017
L 11419 -132 -9130 -8018
L 21295 -133 -9131 -8019
L 22882 -134 -9132 -8020
L 7131 -135 -9133 -8021
L 19551 -136 -9134 -8022
L 11620 -137 -9135 -8023
L -7356 -138 -9136 -8024
L -6985 -139 -9137 -8025
L 11588 -140 -9138 -8026
L 2639 -141 -9139 -8027
L 14007 -142 -9140 -8028
L -4158 -143 -9141 -8029
L 12021 -144 -9142 -8030
L 702 -145 -9143 -8031
L 8675 -146 -9144 -8032
L 18642 -147 -9145 -8033
L 2822 -148 -9146 -8034
L 4805 -149 -9147 -8035
L -2532 -150 -9148 -8036
L -5316 -151 -9149 -8037
L 16776 -152 -9150 -8038
L 9219 -153 -9151 -8039
L -1771 -154 -9152 -8040
L 15929 -155 -9153 -8041
L 13275 -156 -9154 -8042
L 3367 -157 -9155 -8043
L -2480 -158 -9156 -8044
L 12431 -159 -9157 -8045
L -7740 -160 -9158 -8046
L 10931 -161 -9159 -8047
L 1241 -162 -9160 -8048
L 14189 -163 -9161 -8049
L -833 -164 -9162 -8050
L -2816 -165 -9163 -8051
L 21812 -166 -9164 -8052
L 13462 -167 -9165 -8053
L 17815 -168 -9166 -8054
L 14210 -169 -9167 -8055
L 7060 -170 -9168 -8056
L 1985 -171 -9169 -8057
L -6093 -172 -9170 -8058
L 19790 -173 -9171 -8059
L -5554 -174 -9172 -8060
L 20288 -175 -9173 -8061
L 18867 -176 -9174 -8062
L 1753 -177 -9175 -8063
L 4236 -178 -9176 -8064
L 7137 -179 -9177 -8065
L -836 -180 -9178 -8066
L 7427 -181 -9179 -8067
L 20806 -182 -9180 -8068
L 7186 -183 -9181 -8069
L 20495 -184 -9182 -8070
L 21844 -185 -9183 -8071
L 1646 -186 -9184 -8072
L 584 -187 -9185 -8073
L 11105 -188 -9186 -8074
L 15237 -189 -9187 -8075
L 1131 -190 -9188 -8076
L 10913 -191 -9189 -8077
L 11879 -192 -9190 -8078
L 5186 -193 -9191 -8079
L 20937 -194 -9192 -8080
L 17352 -195 -9193 -8081
L 17968 -196 -9194 -8082
L -4818 -197 -9195 -8083
L 1839 -198 -9196 -8084
L -231 -199 -9197 -8085
L 11447 -200 -9198 -8086
L -4568 -201 -9199 -8087
L -5231 -202 -9200 -8088
L 3077 -203 -9201 -8089
L 1721 -204 -9202 -8090
L 20429 -205 -9203 -8091
L 8358 -206 -9204 -8092
L -7496 -207 -9205 -8093
L 5060 -208 -9206 -8094
L 6973 -209 -9207 -8095
L -3171 -210 -9208 -8096
L 8698 -211 -9209 -8097
L 9361 -212 -9210 -8098
L 5922 -213 -9211 -8099
L 9740 -214 -9212 -8100
L 1107 -215 -9213 -8101
L 19347 -216 -9214 -8102
L 1519 -217 -9215 -8103
L 17193 -218 -9216 -8104
L 12403 -219 -9217 -8105
L -1072 -220 -9218 -8106
L 6502 -221 -9219 -8107
L 21820 -222 -9220 -8108
L -5936 -223 -9221 -8109
L 2544 -224 -9222 -8110
L 16221 -225 -9223 -8111
L 3924 -226 -9224 -8112
L -8559 -227 -9225 -8113
L 17299 -228 -9226 -8114
L 11201 -229 -9227 -8115
L 16185 -230 -9228 -8116
L 11179 -231 -9229 -8117
L 4328 -232 -9230 -8118
L 17371 -233 -9231 -8119
L 7075 -234 -9232 -8120
L 14410 -235 -9233 -8121
L 21628 -236 -9234 -8122
L 20178 -237 -9235 -8123
L 17065 -238 -9236 -8124
L 3954 -239 -9237 -8125
L -689 -240 -9238 -8126
L 3954 -241 -9239 -8127
L -900 -242 -9240 -8128
L -6426 -243 -9241 -8129
L -211 -244 -9242 -8130
L 11051 -245 -9243 -8131
L 5717 -246 -9244 -8132
L -8631 -247 -9245 -8133
L 9531 -248 -9246 -8134
L 605 -249 -9247 -8135
L -5716 -250 -9248 -8136
L 14723 -251 -9249 -8137
L -3375 -252 -9250 -8138
L -8749 -253 -9251 -8139
L -7253 -254 -9252 -8140
L 6758 -255 -9253 -8141
L 1671 -256 -9254 -8142
L 5517 -257 -9255 -8143
L 8418 -258 -9256 -8144
L -622 -259 -9257 -8145
L 13203 -260 -9258 -8146
L 5314 -261 -9259 -8147
L -3780 -262 -9260 -8148
L -363 -263 -9261 -8149
L 17746 -264 -9262 -8150
L -8411 -265 -9263 -8151
L 22578 -266 -9264 -8152
L 10071 -267 -9265 -8153
L 8484 -268 -9266 -8154
L -1176 -269 -9267 -8155
L -8898 -270 -9268 -8156
L 20150 -271 -9269 -8157
L 14973 -272 -9270 -8158
L -6402 -273 -9271 -8159
L 16531 -274 -9272 -8160
L 19053 -275 -9273 -8161
L 3385 -276 -9274 -8162
L -2266 -277 -9275 -8163
L -6133 -278 -9276 -8164
L -1990 -279 -9277 -8165
L 4656 -280 -9278 -8166
L 19237 -281 -9279 -8167
L 6241 -282 -9280 -8168
L -7616 -283 -9281 -8169
L -7669 -284 -9282 -8170
L 13266 -285 -9283 -8171
L 20128 -286 -9284 -8172
L 682 -287 -9285 -8173
L -1450 -288 -9286 -8174
L 13400 -289 -9287 -8175
L 19931 -290 -9288 -8176
L -5487 -291 -9289 -8177
L 22742 -292 -9290 -8178
L 56 -293 -9291 -8179
L 13599 -294 -9292 -8180
L 20511 -295 -9293 -8181
L -7908 -296 -9294 -8182
L 6797 -297 -9295 -8183
L 12710 -298 -9296 -8184
L 18421 -299 -9297 -8185
L 16474 -300 -9298 -8186
L -1388 -301 -9299 -8187
L 8525 -302 -9300 -8188
L 11723 -303 -9301 -8189
L 17270 -304 -9302 -8190
L 22891 -305 -9303 -8191
L 14664 -306 -9304 -8192
L 86 -307 -9305 -8193
L 21341 -308 -9306 -8194
L 3353 -309 -9307 -8195
L 1301 -310 -9308 -8196
L 13423 -311 -9309 -8197
L 2970 -312 -9310 -8198
L 5327 -313 -9311 -8199
L 20910 -314 -9312 -8200
L 17265 -315 -9313 -8201
L 7975 -316 -9314 -8202
L 14958 -317 -9315 -8203
L 22787 -318 -9316 -8204
L -1821 -319 -9317 -8205
L -126 -320 -9318 -8206
L -4792 -321 -9319 -8207
L 16807 -322 -9320 -8208
L 17239 -323 -9321 -8209
L -1532 -324 -9322 -8210
L 14891 -325 -9323 -8211
L 18122 -326 -9324 -8212
L 3217 -327 -9325 -8213
L 16239 -328 -9326 -8214
L 1180 -329 -9327 -8215
L 7271 -330 -9328 -8216
L -8980 -331 -9329 -8217
L 2502 -332 -9330 -8218
L -6816 -333 -9331 -8219
L -7234 -334 -9332 -8220
L 19962 -335 -9333 -8221
L 21601 -336 -9334 -8222
L 21057 -337 -9335 -8223
L 17413 -338 -9336 -8224
L 4203 -339 -9337 -8225
L 23104 -340 -9338 -8226
L -3314 -341 -9339 -8227
L -1189 -342 -9340 -8228
L 2352 -343 -9341 -8229
L 20128 -344 -9342 -8230
L 18404 -345 -9343 -8231
L -1027 -346 -9344 -8232
L 18912 -347 -9345 -8233
L 972 -348 -9346 -8234
L 1196 -349 -9347 -8235
L -5700 -350 -9348 -8236
L -6054 -351 -9349 -8237
L -3018 -352 -9350 -8238
L 17893 -353 -9351 -8239
L 2991 -354 -9352 -8240
L -1620 -355 -9353 -8241
L -7738 -356 -9354 -8242
L 676 -357 -9355 -8243
L 1573 -358 -9356 -8244
L 13363 -359 -9357 -8245
L -142 -360 -9358 -8246
L -8232 -361 -9359 -8247
L -3875 -362 -9360 -8248
L -764 -363 -9361 -8249
L 22799 -364 -9362 -8250
L 18643 -365 -9363 -8251
L 7546 -366 -9364 -8252
L -7029 -367 -9365 -8253
L -4762 -368 -9366 -8254
L -3834 -369 -9367 -8255
L 8753 -370 -9368 -8256
L 22130 -371 -9369 -8257
L 11915 -372 -9370 -8258
L 8972 -373 -9371 -8259
L -827 -374 -9372 -8260
L 196 -375 -9373 -8261
L -9110 -376 -9374 -8262
L 235 -377 -9375 -8263
L -7755 -378 -9376 -8264
L 13907 -379 -9377 -8265
L -4701 -380 -9378 -8266
L 6550 -381 -9379 -8267
L 2996 -382 -9380 -8268
L 20567 -383 -9381 -8269
L -1384 -384 -9382 -8270
L -2122 -385 -9383 -8271
L 8025 -386 -9384 -8272
L 21335 -387 -9385 -8273
L -8509 -388 -9386 -8274
L 3497 -389 -9387 -8275
L -2280 -390 -9388 -8276
L 23373 -391 -9389 -8277
L 1102 -392 -9390 -8278
L 8907 -393 -9391 -8279
L -5263 -394 -9392 -8280
L 4869 -395 -9393 -8281
L 3549 -396 -9394 -8282
L 9717 -397 -9395 -8283
L -5273 -398 -9396 -8284
L 15046 -399 -9397 -8285
L 21167 -400 -9398 -8286
L 2372 -401 -9399 -8287
L -1740 -402 -9400 -8288
L 564 -403 -9401 -8289
L -7963 -404 -9402 -8290
L 2844 -405 -9403 -8291
L -8389 -406 -9404 -8292
L 14709 -407 -9405 -8293
L -1503 -408 -9406 -8294
L 4204 -409 -9407 -8295
L 12606 -410 -9408 -8296
L 7571 -411 -9409 -8297
L 15955 -412 -9410 -8298
L -3021 -413 -9411 -8299
L -4655 -414 -9412 -8300
L 17441 -415 -9413 -8301
L -1840 -416 -9414 -8302
L -4029 -417 -9415 -8303
L 21518 -418 -9416 -8304
L -5598 -419 -9417 -8305
L 17317 -420 -9418 -8306
L 837 -421 -9419 -8307
L 16779 -422 -9420 -8308
L 10790 -423 -9421 -8309
L -2774 -424 -9422 -8310
L -2051 -425 -9423 -8311
L 11401 -426 -9424 -8312
L -8778 -427 -9425 -8313
L 3034 -428 -9426 -8314
L -3633 -429 -9427 -8315
L 3694 -430 -9428 -8316
L 11762 -431 -9429 -8317
L 3169 -432 -9430 -8318
L 8834 -433 -9431 -8319
L 21110 -434 -9432 -8320
L 6009 -435 -9433 -8321
L 1527 -436 -9434 -8322
L 3397 -437 -9435 -8323
L 7333 -438 -9436 -8324
L -6775 -439 -9437 -8325
L 12525 -440 -9438 -8326
L -1297 -441 -9439 -8327
L -768 -442 -9440 -8328
L -6040 -443 -9441 -8329
L -9339 -444 -9442 -8330
L 907 -445 -9443 -8331
L -7428 -446 -9444 -8332
L -5374 -447 -9445 -8333
L 6407 -448 -9446 -8334
L 20756 -449 -9447 -8335
L -6857 -450 -9448 -8336
L 11219 -451 -9449 -8337
L -6383 -452 -9450 -8338
L -131 -453 -9451 -8339
L 12646 -454 -9452 -8340
L -8953 -455 -9453 -8341
L 15663 -456 -9454 -8342
L 15860 -457 -9455 -8343
L 14478 -458 -9456 -8344
L -4128 -459 -9457 -8345
L 15019 -460 -9458 -8346
L 5480 -461 -9459 -8347
L -5256 -462 -9460 -8348
L 12121 -463 -9461 -8349
L -6489 -464 -9462 -8350
L -1975 -465 -9463 -8351
L 7007 -466 -9464 -8352
L -4599 -467 -9465 -8353
L 13928 -468 -9466 -8354
L -113 -469 -9467 -8355
L 21227 -470 -9468 -8356
L 19273 -471 -9469 -8357
L 19957 -472 -9470 -8358
L -1795 -473 -9471 -8359
L 15203 -474 -9472 -8360
L 21401 -475 -9473 -8361
L 12001 -476 -9474 -8362
L 10919 -477 -9475 -8363
L -7650 -478 -9476 -8364
L 64 -479 -9477 -8365
L 18789 -480 -9478 -8366
L -4174 -481 -9479 -8367
L -3526 -482 -9480 -8368
L 23091 -483 -9481 -8369
L 9138 -484 -9482 -8370
L 4699 -485 -9483 -8371
L 13969 -486 -9484 -8372
L 17464 -487 -9485 -8373
L 2948 -488 -9486 -8374
L 1850 -489 -9487 -8375
L -2071 -490 -9488 -8376
L 12363 -491 -9489 -8377
L 1531 -492 -9490 -8378
L -4664 -493 -9491 -8379
L 2923 -494 -9492 -8380
L 17473 -495 -9493 -8381
L -3673 -496 -9494 -8382
L -1504 -497 -9495 -8383
L 9559 -498 -9496 -8384
L 12715 -499 -9497 -8385
L 3809 -500 -9498 -8386
L 11266 -501 -9499 -8387
L 17397 -502 -9500 -8388
L 17661 -503 -9501 -8389
L -7582 -504 -9502 -8390
L -2275 -505 -9503 -8391
L 18127 -506 -9504 -8392
L -4112 -507 -9505 -8393
L 9742 -508 -9506 -8394
L 16526 -509 -9507 -8395
L 1565 -510 -9508 -8396
L 21284 -511 -9509 -8397
L 15377 -512 -9510 -8398
L 21924 -513 -9511 -8399
L -383 -514 -9512 -8400
L 2826 -515 -9513 -8401
L 22573 -516 -9514 -8402
L 16358 -517 -9515 -8403
L -6924 -518 -9516 -8404
L 17409 -519 -9517 -8405
L 21330 -520 -9518 -8406
L 6743 -521 -9519 -8407
L 14080 -522 -9520 -8408
L 22975 -523 -9521 -8409
L -8848 -524 -9522 -8410
L 19448 -525 -9523 -8411
L 6961 -526 -9524 -8412
L 1523 -527 -9525 -8413
L 393 -528 -9526 -8414
L 19343 -529 -9527 -8415
L 9670 -530 -9528 -8416
L -7640 -531 -9529 -8417
L 12298 -532 -9530 -8418
L 20647 -533 -9531 -8419
L 21931 -534 -9532 -8420
L 16621 -535 -9533 -8421
L 17243 -536 -9534 -8422
L 5592 -537 -9535 -8423
L -8788 -538 -9536 -8424
L 8755 -539 -9537 -8425
L 12981 -540 -9538 -8426
L 4168 -541 -9539 -8427
L 3555 -542 -9540 -8428
L 18166 -543 -9541 -8429
L -6348 -544 -9542 -8430
L 16498 -545 -9543 -8431
L -3726 -546 -9544 -8432
L 10272 -547 -9545 -8433
L -6355 -548 -9546 -8434
L 38 -549 -9547 -8435
L -2952 -550 -9548 -8436
L 21674 -551 -9549 -8437
L 19393 -552 -9550 -8438
L -3631 -553 -9551 -8439
L 9789 -554 -9552 -8440
L -1276 -555 -9553 -8441
L 13490 -556 -9554 -8442
L -2817 -557 -9555 -8443
L -5200 -558 -9556 -8444
L 8631 -559 -9557 -8445
L 11894 -560 -9558 -8446
L 17438 -561 -9559 -8447
L 13844 -562 -9560 -8448
L 21321 -563 -9561 -8449
L 16010 -564 -9562 -8450
L 8069 -565 -9563 -8451
L 4598 -566 -9564 -8452
L 16736 -567 -9565 -8453
L 2569 -568 -9566 -8454
L 10677 -569 -9567 -8455
L 8802 -570 -9568 -8456
L 9003 -571 -9569 -8457
L 19069 -572 -9570 -8458
L 22750 -573 -9571 -8459
L -9130 -574 -9572 -8460
L 21246 -575 -9573 -8461
L 1269 -576 -9574 -8462
L 8613 -577 -9575 -8463
L 5751 -578 -9576 -8464
L -4292 -579 -9577 -8465
L 14168 -580 -9578 -8466
L 16164 -581 -9579 -8467
L 16643 -582 -9580 -8468
L 634 -583 -9581 -8469
L -4104 -584 -9582 -8470
L 15410 -585 -9583 -8471
L 23047 -586 -9584 -8472
L -2335 -587 -9585 -8473
L 874 -588 -9586 -8474
L 8677 -589 -9587 -8475
L -3630 -590 -9588 -8476
L 22740 -591 -9589 -8477
L 21654 -592 -9590 -8478
L -4266 -593 -9591 -8479
L 21417 -594 -9592 -8480
L 11475 -595 -9593 -8481
L -7414 -596 -9594 -8482
L 16036 -597 -9595 -8483
L 9916 -598 -9596 -8484
L -9056 -599 -9597 -8485
L 5012 -600 -9598 -8486
L 15164 -601 -9599 -8487
L 7001 -602 -9600 -8488
L -96 -603 -9601 -8489
L -6385 -604 -9602 -8490
L 19799 -605 -9603 -8491
L -1952 -606 -9604 -8492
L 643 -607 -9605 -8493
L 4989 -608 -9606 -8494
L 7876 -609 -9607 -8495
L 7415 -610 -9608 -8496
L -3544 -611 -9609 -8497
L 13142 -612 -9610 -8498
L -8985 -613 -9611 -8499
L 19070 -614 -9612 -8500
L -4678 -615 -9613 -8501
L -224 -616 -9614 -8502
L -9214 -617 -9615 -8503
L 19142 -618 -9616 -8504
L 1056 -619 -9617 -8505
L 17728 -620 -9618 -8506
L -77 -621 -9619 -8507
L 18045 -622 -9620 -8508
L 148 -623 -9621 -8509
L 5136 -624 -9622 -8510
L 3262 -625 -9623 -8511
L -8211 -626 -9624 -8512
L -5487 -627 -9625 -8513
L 18993 -628 -9626 -8514
L 18445 -629 -9627 -8515
L -6681 -630 -9628 -8516
L 15603 -631 -9629 -8517
L 291 -632 -9630 -8518
L 1781 -633 -9631 -8519
L 13049 -634 -9632 -8520
L 6234 -635 -9633 -8521
L 1554 -636 -9634 -8522
L 5307 -637 -9635 -8523
L 3303 -638 -9636 -8524
L -2865 -639 -9637 -8525
L 21747 -640 -9638 -8526
L 4439 -641 -9639 -8527
L 6233 -642 -9640 -8528
L 5802 -643 -9641 -8529
L 18896 -644 -9642 -8530
L 11639 -645 -9643 -8531
L 13522 -646 -9644 -8532
L 19122 -647 -9645 -8533
L -928 -648 -9646 -8534
L -6201 -649 -9647 -8535
L 21729 -650 -9648 -8536
L 11655 -651 -9649 -8537
L -1573 -652 -9650 -8538
L 12144 -653 -9651 -8539
L 9883 -654 -9652 -8540
L 573 -655 -9653 -8541
L 20748 -656 -9654 -8542
L 4062 -657 -9655 -8543
L 8264 -658 -9656 -8544
L -9142 -659 -9657 -8545
L 9384 -660 -9658 -8546
L 18887 -661 -9659 -8547
L 17757 -662 -9660 -8548
L 8354 -663 -9661 -8549
L 14302 -664 -9662 -8550
L -663 -665 -9663 -8551
L 14251 -666 -9664 -8552
L 8736 -667 -9665 -8553
L 10543 -668 -9666 -8554
L 18963 -669 -9667 -8555
L -5931 -670 -9668 -8556
L -8920 -671 -9669 -8557
L 20352 -672 -9670 -8558
L 1766 -673 -9671 -8559
L 7 -674 -9672 -8560
L 5771 -675 -9673 -8561
L -4754 -676 -9674 -8562
L -1827 -677 -9675 -8563
L 18405 -678 -9676 -8564
L -7766 -679 -9677 -8565
L 12001 -680 -9678 -8566
L 10763 -681 -9679 -8567
L 14530 -682 -9680 -8568
L 20959 -683 -9681 -8569
L 9444 -684 -9682 -8570
L 17956 -685 -9683 -8571
L -3309 -686 -9684 -8572
L -9448 -687 -9685 -8573
L 13236 -688 -9686 -8574
L 8255 -689 -9687 -8575
L 15907 -690 -9688 -8576
L 9669 -691 -9689 -8577
L 10006 -692 -9690 -8578
L 17882 -693 -9691 -8579
L -8440 -694 -9692 -8580
L 23029 -695 -9693 -8581
L -7954 -696 -9694 -8582
L 17183 -697 -9695 -8583
L -9259 -698 -9696 -8584
L 9659 -699 -9697 -8585
L 22030 -700 -9698 -8586
L -922 -701 -9699 -8587
L -239 -702 -9700 -8588
L 727 -703 -9701 -8589
L 19788 -704 -9702 -8590
L 16634 -705 -9703 -8591
L 12136 -706 -9704 -8592
L -110 -707 -9705 -8593
L 5335 -708 -9706 -8594
L -1248 -709 -9707 -8595
L -4191 -710 -9708 -8596
L 3818 -711 -9709 -8597
L 8651 -712 -9710 -8598
L 8533 -713 -9711 -8599
L 6864 -714 -9712 -8600
L 9199 -715 -9713 -8601
L 19970 -716 -9714 -8602
L 19672 -717 -9715 -8603
L 12493 -718 -9716 -8604
L 7277 -719 -9717 -8605
L 10286 -720 -9718 -8606
L 6504 -721 -9719 -8607
L 18148 -722 -9720 -8608
L 16075 -723 -9721 -8609
L 2596 -724 -9722 -8610
L 12879 -725 -9723 -8611
L -3890 -726 -9724 -8612
L 20275 -727 -9725 -8613
L -5765 -728 -9726 -8614
L 12447 -729 -9727 -8615
L 13792 -730 -9728 -8616
L -12 -731 -9729 -8617
L 5718 -732 -9730 -8618
L 11964 -733 -9731 -8619
L -6525 -734 -9732 -8620
L 16676 -735 -9733 -8621
L -9090 -736 -9734 -8622
L 13594 -737 -9735 -8623
L -6684 -738 -9736 -8624
L 13193 -739 -9737 -8625
L 15028 -740 -9738 -8626
L -7096 -741 -9739 -8627
L 15341 -742 -9740 -8628
L 17082 -743 -9741 -8629
L 9285 -744 -9742 -8630
L 46 -745 -9743 -8631
L 883 -746 -9744 -8632
L 10881 -747 -9745 -8633
L 222 -748 -9746 -8634
L 16531 -749 -9747 -8635
L 2225 -750 -9748 -8636
L -5244 -751 -9749 -8637
L -8542 -752 -9750 -8638
L 2786 -753 -9751 -8639
L 11253 -754 -9752 -8640
L -3292 -755 -9753 -8641
L 2682 -756 -9754 -8642
L -1747 -757 -9755 -8643
L -9063 -758 -9756 -8644
L -1370 -759 -9757 -8645
L 684 -760 -9758 -8646
L 21106 -761 -9759 -8647
L 16437 -762 -9760 -8648
L -7792 -763 -9761 -8649
L -2128 -764 -9762 -8650
L 22557 -765 -9763 -8651
L -9709 -766 -9764 -8652
L 1878 -767 -9765 -8653
L 20287 -768 -9766 -8654
L 3279 -769 -9767 -8655
L 18147 -770 -9768 -8656
L -6090 -771 -9769 -8657
L -8788 -772 -9770 -8658
L 22622 -773 -9771 -8659
L -8016 -774 -9772 -8660
L 353 -775 -9773 -8661
L 18807 -776 -9774 -8662
L 11549 -777 -9775 -8663
L -8429 -778 -9776 -8664
L 16475 -779 -9777 -8665
L 19744 -780 -9778 -8666
L 4701 -781 -9779 -8667
L 18343 -782 -9780 -8668
L 420 -783 -9781 -8669
L 19257 -784 -9782 -8670
L 14387 -785 -9783 -8671
L 17084 -786 -9784 -8672
L -7528 -787 -9785 -8673
L -5953 -788 -9786 -8674
L -1924 -789 -9787 -8675
L 10320 -790 -9788 -8676
L -5484 -791 -9789 -8677
L 8618 -792 -9790 -8678
L -5857 -793 -9791 -8679
L 22843 -794 -9792 -8680
L 20314 -795 -9793 -8681
L 3011 -796 -9794 -8682
L -7278 -797 -9795 -8683
L 14505 -798 -9796 -8684
L 22711 -799 -9797 -8685
L 15286 -800 -9798 -8686
L 9632 -801 -9799 -8687
L -9779 -802 -9800 -8688
L 10083 -803 -9801 -8689
L 104 -804 -9802 -8690
L -4247 -805 -9803 -8691
L 13780 -806 -9804 -8692
L -7384 -807 -9805 -8693
L -6006 -808 -9806 -8694
L 17066 -809 -9807 -8695
L -488 -810 -9808 -8696
L 5190 -811 -9809 -8697
L 18031 -812 -9810 -8698
L 10046 -813 -9811 -8699
L -8553 -814 -9812 -8700
L 11287 -815 -9813 -8701
L 9754 -816 -9814 -8702
L 6373 -817 -9815 -8703
L 17571 -818 -9816 -8704
L 239 -819 -9817 -8705
L -5732 -820 -9818 -8706
L 581 -821 -9819 -8707
L -549 -822 -9820 -8708
L 16710 -823 -9821 -8709
L -99 -824 -9822 -8710
L -5842 -825 -9823 -8711
L 17241 -826 -9824 -8712
L 8729 -827 -9825 -8713
L -6088 -828 -9826 -8714
L 12322 -829 -9827 -8715
L 1325 -830 -9828 -8716
L 19597 -831 -9829 -8717
L -1012 -832 -9830 -8718
L 4373 -833 -9831 -8719
L 2570 -834 -9832 -8720
L 20182 -835 -9833 -8721
L 10639 -836 -9834 -8722
L 13681 -837 -9835 -8723
L 14144 -838 -9836 -8724
L 5207 -839 -9837 -8725
L 7334 -840 -9838 -8726
L 3933 -841 -9839 -8727
L 5354 -842 -9840 -8728
L 10506 -843 -9841 -8729
L 1139 -844 -9842 -8730
L 22591 -845 -9843 -8731
L -7575 -846 -9844 -8732
L 19491 -847 -9845 -8733
L -5266 -848 -9846 -8734
L 22655 -849 -9847 -8735
L 20241 -850 -9848 -8736
L 5616 -851 -9849 -8737
L 21944 -852 -9850 -8738
L -9073 -853 -9851 -8739
L 11041 -854 -9852 -8740
L 13572 -855 -9853 -8741
L 6572 -856 -9854 -8742
L -1240 -857 -9855 -8743
L 9465 -858 -9856 -8744
L 1684 -859 -9857 -8745
L 9910 -860 -9858 -8746
L 4310 -861 -9859 -8747
L -6521 -862 -9860 -8748
L 3617 -863 -9861 -8749
L 11880 -864 -9862 -8750
L 5302 -865 -9863 -8751
L 9987 -866 -9864 -8752
L 4183 -867 -9865 -8753
L -7222 -868 -9866 -8754
L 10878 -869 -9867 -8755
L 1244 -870 -9868 -8756
L 21814 -871 -9869 -8757
L 17650 -872 -9870 -8758
L 5567 -873 -9871 -8759
L 15346 -874 -9872 -8760
L 21871 -875 -9873 -8761
L 8917 -876 -9874 -8762
L -3481 -877 -9875 -8763
L 3077 -878 -9876 -8764
L 22289 -879 -9877 -8765
L -9379 -880 -9878 -8766
L 22154 -881 -9879 -8767
L -7315 -882 -9880 -8768
L 15716 -883 -9881 -8769
L -1604 -884 -9882 -8770
L 16738 -885 -9883 -8771
L 8716 -886 -9884 -8772
L 4117 -887 -9885 -8773
L 12543 -888 -9886 -8774
L -1132 -889 -9887 -8775
L 2178 -890 -9888 -8776
L -620 -891 -9889 -8777
L -6938 -892 -9890 -8778
L 19636 -893 -9891 -8779
L 10143 -894 -9892 -8780
L -9029 -895 -9893 -8781
L 13555 -896 -9894 -8782
L 10764 -897 -9895 -8783
L -7138 -898 -9896 -8784
L -3664 -899 -9897 -8785
L 15809 -900 -9898 -8786
L 17049 -901 -9899 -8787
L -7536 -902 -9900 -8788
L -1524 -903 -9901 -8789
L 1175 -904 -9902 -8790
L 3159 -905 -9903 -8791
L -4202 -906 -9904 -8792
L 17469 -907 -9905 -8793
L 16701 -908 -9906 -8794
L 14015 -909 -9907 -8795
L 14419 -910 -9908 -8796
L 22057 -911 -9909 -8797
L -1522 -912 -9910 -8798
L 9869 -913 -9911 -8799
L -6367 -914 -9912 -8800
L -6381 -915 -9913 -8801
L 9807 -916 -9914 -8802
L -8506 -917 -9915 -8803
L -1917 -918 -9916 -8804
L 12483 -919 -9917 -8805
L 19135 -920 -9918 -8806
L -1286 -921 -9919 -8807
L -9124 -922 -9920 -8808
L -9247 -923 -9921 -8809
L 17519 -924 -9922 -8810
L 7878 -925 -9923 -8811
L 14174 -926 -9924 -8812
L 2979 -927 -9925 -8813
L 13780 -928 -9926 -8814
L -354 -929 -9927 -8815
L 22724 -930 -9928 -8816
L 19624 -931 -9929 -8817
L 18971 -932 -9930 -8818
L -6711 -933 -9931 -8819
L 14404 -934 -9932 -8820
L -5341 -935 -9933 -8821
L 17084 -936 -9934 -8822
L -8787 -937 -9935 -8823
L 4159 -938 -9936 -8824
L -3013 -939 -9937 -8825
L 850 -940 -9938 -8826
L -9651 -941 -9939 -8827
L -6084 -942 -9940 -8828
L -6478 -943 -9941 -8829
L 4010 -944 -9942 -8830
L 4112 -945 -9943 -8831
L 9108 -946 -9944 -8832
L 22213 -947 -9945 -8833
L 12314 -948 -9946 -8834
L 22212 -949 -9947 -8835
L -6034 -950 -9948 -8836
L 2388 -951 -9949 -8837
L 12308 -952 -9950 -8838
L 15842 -953 -9951 -8839
L -3346 -954 -9952 -8840
L 19011 -955 -9953 -8841
L -5382 -956 -9954 -8842
L 13844 -957 -9955 -8843
L 10410 -958 -9956 -8844
L 544 -959 -9957 -8845
L 6964 -960 -9958 -8846
L -3084 -961 -9959 -8847
L 94 -962 -9960 -8848
L 20230 -963 -9961 -8849
L 8065 -964 -9962 -8850
L -4073 -965 -9963 -8851
L 4576 -966 -9964 -8852
L 9409 -967 -9965 -8853
L 10890 -968 -9966 -8854
L 10314 -969 -9967 -8855
L -7594 -970 -9968 -8856
L 14386 -971 -9969 -8857
L 4285 -972 -9970 -8858
L 1563 -973 -9971 -8859
L 16550 -974 -9972 -8860
L 14837 -975 -9973 -8861
L 10328 -976 -9974 -8862
L 3740 -977 -9975 -8863
L 17966 -978 -9976 -8864
L 9282 -979 -9977 -8865
L -4156 -980 -9978 -8866
L 16227 -981 -9979 -8867
L 20406 -982 -9980 -8868
L 8209 -983 -9981 -886
L -4571 -984 -9982 -8870
L 15573 -985 -9983 -8871
L 674 -986 -9984 -8872
L 17794 -987 -9985 -8873
L 559 -988 -9986 -8874
L 13733 -989 -9987 -8875
L 12908 -990 -9988 -8876
L 15227 -991 -9989 -8877
L 4923 -992 -9990 -8878
L 8087 -993 -9991 -8879
L 14930 -994 -9992 -8880
L -1389 -995 -9993 -8881
L 22682 -996 -9994 -8882
L 12682 -997 -9995 -8883
L 8012 -998 -9996 -8884